678

Heynius 238. 855.

Hickea 281.

Hipparchi auctor 510.

Helland (Baro) 297.
Hoogevenius 130.

Horsleius (Praesul) 516.
Hotchkisius 9.195.

Hotibius (i. e. Bothius) 356. 366.

392.433. 441. 443. 463. 465,

94 1118. 593.
Hutchiusonus 127, 30.

1.

Iriarte 254.
Jortinus 97. 430. 527. 530.

Kingius 104. 401. ·

Knight (R. P.) 60. 99. 145, 6,
8. 178, 9. 180.186.187.200.
206.244. 247. 253. 258. 273.
284. 329. 346.

Koenius 306. 330. 496.

Koppiersius 10. 580.

Kusterus 122, 23. 223, 24, 63.

302. 311, 13. 568. 579. 111
notis iv. ⁵355. etc.

L.

LmouAnsnuua 22.
189,190,191, 192.
Larcherus 529.

Lennepius 322.
Lipsius 23. 487. 606.

147.188,

’ Locella (Baro) 281.

Louthius (Praesnl) 581.
Μ.

Μ8111181111118 405. 111 notis 40.

132. 331, 66. 408. 572. 616.
Mmh (Praesul) 200. 540.
Mason 467.

Menekine 367, 72. 442, 63, 4, 6.
Milton App. 623-627. Ριι. 11.

161. 298. 616. 661.

Monk (J. H. litt. Gr. Pros.) 101,
’ 35. 292. 489.
Mon-itt (J. B. S. Arm.) 342.

nun! 11.

Murenae 76. 213.

Musambertius 511, 12.
Most-‚numa είς, 8.

Needhamus (P.) 606.
Neutonus 468.
Notis (Card. ) 30. 48.

Ρ.

pandecta Florentia: 26. 91.

Patrius (S. ) Pur. ii·. 67. 393.

Ριᾼιεοκω (Praesul) 15. 36. 90.
132, 33. 154. 260. 408. 540.

Ρ1811801ω8 180, 81. 322. 478, 9,
82. 528, 60.

Pinkerton 658

Pom-»onus ad R. D. Pa. Ρ. iv.
38, 9. 95. 128. 173. 174. bis-
318. 333, 34. 355. 380. 383.
399, 400, 401. 404. 408. 426.
434, 435. 437, 438, 439, 440.
449. 452. 474. 483. 507. 524.
588. 567, 68. 584. 590. 595.
599. 605. 610.

——apud M. D. 298. 300. 311.
396. 655.

—apud E. Μ. 397. 602.

-apud P. P. D. 75. 86 bis. 114.
119, 120. 125. 169. 289 hb.
291, 92. 294, 95. 301. 354.
356, 357, 358. 363, 64,65, 66,
67, 68,69,370, 71, 72. 74, 75.
380, 82, 85, 86. 393, 94, 95.
401, 2, 3, 4, 9. 416, 19, 480,
28, 29. 431. 1118. 435, 36, 37.
442. 450, 51, 52, 53, 54, 56,
57, 58, 59. 462 1118., 63, 65,
69, 70. 482, 84, 85, 88. 494,
95, 97 1118., 98, 99. 508.
510,11.514 1118. 515. 520.
525. 527. 531. 534. 538. 540,
41. 5450548 1118. 558. 560.
575. 585, 586, 587. 592. 595.
600.604,605.610.616.

—alibi 10. 81. 93. 126. 128.
138. 145. 163. 165. 291. 297.

ἕὲἓ. 495. 511. 574. 598.

