INDEX 11.-

VIRORUM ERUDITORUM

IN MISCELLANBIS emnem ΕΤ m nous

ALLEGATORUM. ’

 

A

Abreschius 597. 602.

ΑΙεοΡ (Α.) 175.

Amaldu8 (G.) 462.

Ashton (C.) 175.

Askevius (A.) 154. 333. 606.

Β

Barnesiuz 72. 84. 163. 266. 614,

Bantius 70. 300. 480. 603.

Battie (Gul.) 333.

Bekker 124.

Benedictus 74.

anrums (1³10.) apud R. D.
xi.; 151, 152, 153, 154. 165.
209. 347. In notis vi, vii. xii.

, 4. 6. 14, 5, 7, 9, 80, 81, 8, 8.
42, 6. 85, 6, 7. 91, 92, 5, 7.
128, 9, 30. 137. 140. 143.
147. 153, 60. 164. 196. 201,
8, 8, 5, 6, 9,10, 11, 17, 19.
221, 23. 247, 248. 253, 4, 7.
888, 89, 890, 8, 9. 808, 808,
15, 19. 322, 25, 26. 332, 33.
347. 354, 56, 57, 58, 59. 366,
67. 374, 75, 76. 393. 403, 8,

· 14, 15, 16, 18. 426, 27, 28.
481, 88, 88, 85, 86. 441, 46,
47, 48. 450, 54, 58. 460, 61,
62, 63, 64, 65, 66, 69. 472,
77. 484, 86, 89. 498, 98, 94,

95, 96, 97. 502. 504. 508,

509. 513, 514. 519. 523, 524.

525. 528, 529, 530, 531, 532.

539. 541. 543. 545. 548. 554,

555, 556, 557, 558. 568. 572.

575. 577. 583. 593.596. 600.

610. 616. App. 635.

Error-es quos Butuntos ἰιι
Menandri et Philemonis
fragmentis commitit, 399,

Bentleius (Theman) 143, 4, 5, 6, 7,
8, 9, 50, 51, 52. 154, 5, 6, 7.

Berglerus 415:

Blomfield (Praeeul) 244. 259.
272. 282. 284. 368. 494. 49⁸.

Boeckhius (Aug.) 63, 5, 6. 73,
4, 9. 80, 1, 3, 6, 9. 90, 3, 5,
9. 100, 106, 7, 8. 244.253.
855, 8, bia. 9. 878, 8, 4. 878,
9,880.878.564.

Boissonadiun 13.

Boscbius (Η.) 157. Add.

Bouhierius 230. 658.

Boyle (C.) 210.

Briggs (T.) 166. 549.

Brunckius 136. 152. 314. 365.
381. 390. 489. 497. 503. 557.
569. 574.

Bryantius (J.) 295.

Buchananus 3.

